FID,MAJORITY
0,5
1,5
2,11
3,9
4,9
5,11
6,11
7,11
8,11
9,11
10,11
11,11
12,9
13,11
14,11
15,5
16,10
17,5
18,9
19,9
20,5
21,5
22,9
23,9
24,9
25,9
26,9
27,9
28,9
29,9
30,11
31,11
32,9
33,9
34,9
35,9
36,9
37,9
38,9
39,5
40,9
41,9
42,9
43,9
44,9
45,10
46,10
47,9
48,9
49,9
50,9
51,9
52,9
53,9
54,9
55,9
56,9
57,9
58,9
59,9
60,11
61,11
62,11
63,9
64,11
65,9
66,11
67,9
68,9
69,9
70,9
71,9
72,9
73,5
74,5
75,10
76,9
77,9
78,9
79,9
80,9
81,9
82,9
83,9
84,9
85,9
86,9
87,9
88,9
89,9
90,9
91,9
92,9
93,9
94,9
95,9
96,9
97,9
98,9
99,11
100,9
101,9
102,9
103,9
104,11
105,11
106,11
107,9
108,11
109,9
110,11
111,9
112,5
113,5
114,10
115,9
116,9
117,9
118,9
119,9
120,9
121,5
122,11
123,5
124,9
125,9
126,9
127,9
128,9
129,9
130,9
131,5
132,9
133,9
134,9
135,9
136,9
137,9
138,9
139,9
140,9
141,9
142,9
143,9
144,9
145,9
146,9
147,11
148,9
149,9
150,5
151,9
152,0
153,0
154,0
155,0
156,0
157,5
158,5
159,5
160,9
161,9
162,9
163,9
164,9
165,9
166,9
167,9
168,9
169,9
170,9
171,9
172,9
173,9
174,9
175,9
176,9
177,9
178,9
179,5
180,5
181,5
182,9
183,9
184,9
185,9
186,9
187,9
188,9
189,9
190,11
191,9
192,9
193,9
194,9
195,0
196,0
197,0
198,0
199,9
200,9
201,9
202,9
203,9
204,5
205,9
206,5
207,5
208,9
209,9
210,9
211,9
212,9
213,9
214,9
215,9
216,9
217,9
218,9
219,9
220,9
221,10
222,9
223,9
224,9
225,9
226,9
227,9
228,9
229,11
230,9
231,9
232,9
233,11
234,9
235,5
236,9
237,9
238,9
239,9
240,9
241,0
242,0
243,0
244,9
245,0
246,0
247,5
248,5
249,5
250,9
251,5
252,9
253,5
254,9
255,9
256,5
257,9
258,9
259,9
260,9
261,9
262,9
263,9
264,9
265,9
266,9
267,9
268,9
269,9
270,10
271,9
272,9
273,9
274,9
275,9
276,9
277,9
278,9
279,9
280,9
281,9
282,9
283,9
284,9
285,9
286,9
287,11
288,9
289,9
290,9
291,0
292,0
293,0
294,9
295,9
296,9
297,9
298,9
299,9
300,9
301,5
302,5
303,9
304,9
305,9
306,9
307,9
308,9
309,9
310,9
311,9
312,9
313,9
314,9
315,9
316,9
317,9
318,9
319,9
320,9
321,9
322,9
323,9
324,9
325,9
326,9
327,9
328,9
329,9
330,9
331,9
332,9
333,9
334,9
335,9
336,9
337,9
338,9
339,9
340,9
341,9
342,9
343,9
344,9
345,9
346,9
347,3
348,9
349,9
350,9
351,9
352,9
353,9
354,9
355,9
356,9
357,9
358,9
359,9
360,9
361,7
362,9
363,9
364,9
365,9
366,9
367,9
368,9
369,9
370,9
371,9
372,9
373,9
374,9
375,10
376,10
377,9
378,9
379,9
380,9
381,9
382,9
383,9
384,9
385,9
386,11
387,9
388,9
389,9
390,9
391,9
392,0
393,0
394,0
395,9
396,9
397,9
398,9
399,9
400,9
401,9
402,9
403,9
404,9
405,9
406,9
407,9
408,9
409,9
410,5
411,9
412,9
413,11
414,11
415,9
416,9
417,9
418,9
419,9
420,9
421,9
422,9
423,9
424,9
425,9
426,10
427,9
428,9
429,9
430,9
431,9
432,9
433,9
434,9
435,9
436,9
437,9
438,9
439,9
440,9
441,9
442,9
443,0
444,7
445,10
446,9
447,9
448,9
449,9
450,9
451,9
452,9
453,9
454,11
455,9
456,9
457,9
458,9
459,9
460,9
461,9
462,9
463,9
464,9
465,11
466,11
467,9
468,9
469,9
470,9
471,9
472,9
473,9
474,9
475,9
476,9
477,9
478,9
479,9
480,9
481,9
482,9
483,9
484,9
485,9
486,9
487,9
488,10
489,9
490,9
491,9
492,9
493,9
494,9
495,9
496,0
497,0
498,9
499,9
500,9
501,0
502,5
503,0
504,9
505,9
506,9
507,9
508,9
509,9
510,9
511,9
512,9
513,9
514,9
515,9
516,11
517,11
518,11
519,11
520,11
521,9
522,9
523,9
524,9
525,9
526,9
527,9
528,9
529,9
530,9
531,9
532,9
533,9
534,9
535,9
536,9
537,9
538,9
539,9
540,9
541,10
542,9
543,9
544,9
545,9
546,9
547,9
548,0
549,0
550,0
551,0
552,0
553,0
554,0
555,9
556,9
557,9
558,9
559,0
560,9
561,9
562,9
563,9
564,9
565,9
566,11
567,11
568,11
569,11
570,11
571,9
572,9
573,9
574,9
575,9
576,9
577,9
578,9
579,9
580,9
581,9
582,9
583,9
584,9
585,9
586,9
587,9
588,9
589,9
590,9
591,9
592,9
593,9
594,9
595,9
596,9
597,9
598,0
599,0
600,0
601,0
602,0
603,0
604,9
605,9
606,5
607,5
608,5
609,9
610,9
611,9
612,9
613,11
614,9
615,9
616,9
617,9
618,11
619,11
620,11
621,11
622,11
623,11
624,11
625,11
626,11
627,11
628,9
629,9
630,9
631,9
632,9
633,9
634,9
635,9
636,9
637,9
638,9
639,9
640,9
641,9
642,9
643,9
644,9
645,9
646,0
647,0
648,0
649,0
650,0
651,5
652,5
653,13
654,13
655,13
656,9
657,9
658,9
659,11
660,9
661,9
662,13
663,13
664,9
665,13
666,13
667,13
668,13
669,13
670,13
671,11
672,11
673,9
674,9
675,9
676,9
677,9
678,9
679,9
680,9
681,9
682,9
683,9
684,9
685,9
686,9
687,9
688,9
689,9
690,9
691,9
692,0
693,0
694,5
695,9
696,9
697,13
698,9
699,9
700,9
701,13
702,13
703,13
704,13
705,13
706,13
707,13
708,13
709,11
710,11
711,11
712,9
713,9
714,9
715,9
716,9
717,9
718,9
719,9
720,9
721,9
722,9
723,9
724,9
725,9
726,9
727,9
728,9
729,9
730,9
731,9
732,9
733,13
734,13
735,13
736,13
737,13
738,13
739,13
740,13
741,13
742,13
743,13
744,13
745,13
746,9
747,9
748,9
749,9
750,9
751,9
752,9
753,9
754,9
755,9
756,9
757,9
758,9
759,9
760,9
761,9
762,5
763,9
764,9
765,9
766,9
767,13
768,13
769,13
770,13
771,13
772,12
773,9
774,13
775,13
776,13
777,13
778,13
779,11
780,9
781,9
782,9
783,9
784,9
785,9
786,9
787,9
788,9
789,9
790,9
791,9
792,9
793,9
794,5
795,9
796,9
797,9
798,9
799,5
800,5
801,13
802,13
803,13
804,13
805,13
806,13
807,13
808,13
809,13
810,13
811,13
812,11
813,9
814,9
815,9
816,9
817,9
818,9
819,9
820,11
821,9
822,9
823,9
824,9
825,11
826,5
827,9
828,5
829,9
830,13
831,5
832,5
833,13
834,9
835,13
836,13
837,13
838,13
839,13
840,13
841,13
842,13
843,13
844,13
845,11
846,9
847,9
848,9
849,9
850,9
851,9
852,9
853,9
854,9
855,9
856,9
857,11
858,11
859,5
860,10
861,9
862,5
863,5
864,5
865,5
866,5
867,13
868,13
869,13
870,13
871,13
872,13
873,13
874,13
875,13
876,13
877,11
878,11
879,11
880,9
881,9
882,9
883,9
884,9
885,9
886,9
887,9
888,9
889,11
890,11
891,9
892,9
893,12
894,9
895,12
896,5
897,5
898,5
899,5
900,5
901,13
902,13
903,9
904,9
905,9
906,9
907,13
908,13
909,13
910,9
911,9
912,11
913,9
914,9
915,9
916,9
917,9
918,9
919,9
920,9
921,9
922,9
923,9
924,9
925,9
926,13
927,0
928,5
929,5
930,5
931,5
932,5
933,13
934,13
935,13
936,13
937,13
938,13
939,13
940,9
941,9
942,13
943,13
944,13
945,11
946,9
947,9
948,9
949,9
950,9
951,9
952,9
953,9
954,9
955,9
956,9
957,9
958,9
959,13
960,12
961,5
962,5
963,5
964,12
965,13
966,13
967,13
968,13
969,13
970,9
971,9
972,9
973,9
974,9
975,13
976,9
977,9
978,13
979,13
980,13
981,9
982,9
983,9
984,9
985,9
986,9
987,9
988,9
989,9
990,9
991,12
992,12
993,12
994,5
995,5
996,13
997,13
998,13
999,13
1000,9
1001,9
1002,9
1003,13
1004,13
1005,13
1006,13
1007,13
1008,13
1009,13
1010,13
1011,13
1012,13
1013,9
1014,9
1015,11
1016,11
1017,9
1018,9
1019,9
1020,9
1021,13
1022,13
1023,13
1024,13
1025,13
1026,13
1027,13
1028,13
1029,13
1030,13
1031,13
1032,13
1033,13
1034,13
1035,13
1036,9
1037,9
1038,9
1039,9
1040,9
1041,9
1042,9
1043,13
1044,13
1045,13
1046,9
1047,9
1048,9
1049,9
1050,9
1051,9
1052,9
1053,9
1054,5
1055,9
1056,0
1057,13
1058,9
1059,13
1060,13
1061,13
1062,13
1063,13
1064,13
1065,9
1066,9
1067,9
1068,9
1069,9
1070,9
1071,9
1072,0
1073,5
1074,9
1075,9
1076,9
1077,9
1078,9
1079,5
1080,5
1081,5
1082,5
1083,5
1084,9
1085,9
1086,9
1087,5
1088,0
1089,5
1090,9
1091,9
1092,9
1093,9
1094,5
1095,5
1096,5
1097,9
1098,9
1099,9
1100,9
1101,9
1102,10
1103,10
1104,10
1105,5
1106,5
1107,10
1108,9
1109,9
1110,9
1111,5
1112,5
1113,5
1114,5
1115,9
1116,5
1117,5
1118,9
1119,9
1120,9
1121,5
1122,5
1123,5
1124,9
1125,9
1126,9
1127,9
1128,9
1129,9
1130,10
1131,5
1132,9
1133,5
1134,5
1135,10
1136,5
1137,5
1138,5
1139,5
1140,5
1141,5
1142,0
1143,5
1144,9
1145,9
1146,9
1147,9
1148,9
1149,9
1150,9
1151,9
1152,9
1153,9
1154,9
1155,5
1156,5
1157,5
1158,5
1159,5
1160,9
1161,9
1162,9
1163,9
1164,9
1165,9