# Stehekin_Sample
#Class	OvrStry	Rarc	Rmin	JAN-LAI	FEB-LAI	MAR-LAI	APR-LAI	MAY-LAI	JUN-LAI	JUL-LAI	AUG-LAI	SEP-LAI	OCT-LAI	NOV-LAI	DEC-LAI	JAN-ALB	FEB_ALB	MAR-ALB	APR-ALB	MAY-ALB	JUN-ALB	JUL-ALB	AUG-ALB	SEP-ALB	OCT-ALB	NOV-ALB	DEC-ALB	JAN-ROU	FEB-ROU	MAR-ROU	APR-ROU	MAY-ROU	JUN-ROU	JUL-ROU	AUG-ROU	SEP-ROU	OCT-ROU	NOV-ROU	DEC-ROU	JAN-DIS	FEB-DIS	MAR-DIS	APR-DIS	MAY-DIS	JUN-DIS	JUL-DIS	AUG-DIS	SEP-DIS	OCT-DIS	NOV-DIS	DEC-DIS	WIND_H	RGL	SolAtn	WndAtn	Trunk	COMMENT
1	1	60.0	150.	3.400	3.400	3.500	3.700	4.000	4.400	4.400	4.300	4.200	3.700	3.500	3.400	0.12	0.12	0.12	0.12	0.12	0.12	0.12	0.12	0.12	0.12	0.12	0.12	1.476	1.476	1.476	1.476	1.476	1.476	1.476	1.476	1.476	1.476	1.476	1.476	8.04	8.04	8.04	8.04	8.04	8.04	8.04	8.04	8.04	8.04	8.04	8.04	50.0	30	0.5	0.5	0.2	Evergreen Needleleaf
2	1	60.0	150.	3.400	3.400	3.500	3.700	4.000	4.400	4.400	4.300	4.200	3.700	3.500	3.400	0.12	0.12	0.12	0.12	0.12	0.12	0.12	0.12	0.12	0.12	0.12	0.12	1.476	1.476	1.476	1.476	1.476	1.476	1.476	1.476	1.476	1.476	1.476	1.476	8.04	8.04	8.04	8.04	8.04	8.04	8.04	8.04	8.04	8.04	8.04	8.04	50.0	30	0.5	0.5	0.2	Evergreen Broadleaf
3	1	60.0	150.	1.680	1.520	1.680	2.900	4.900	5.000	5.000	4.600	3.440	3.040	2.160	2.000	0.18	0.18	0.18	0.18	0.18	0.18	0.18	0.18	0.18	0.18	0.18	0.18	1.230	1.230	1.230	1.230	1.230	1.230	1.230	1.230	1.230	1.230	1.230	1.230	6.70	6.70	6.70	6.70	6.70	6.70	6.70	6.70	6.70	6.70	6.70	6.70	50.0	30	0.5	0.5	0.2	Deciduous Needleleaf
4	1	60.0	150.	1.680	1.520	1.680	2.900	4.900	5.000	5.000	4.600	3.440	3.040	2.160	2.000	0.18	0.18	0.18	0.18	0.18	0.18	0.18	0.18	0.18	0.18	0.18	0.18	1.230	1.230	1.230	1.230	1.230	1.230	1.230	1.230	1.230	1.230	1.230	1.230	6.70	6.70	6.70	6.70	6.70	6.70	6.70	6.70	6.70	6.70	6.70	6.70	50.0	30	0.5	0.5	0.2	Deciduous Broadleaf
5	1	60.0	140.	1.680	1.520	1.680	2.900	4.900	5.000	5.000	4.600	3.440	3.040	2.160	2.000	0.18	0.18	0.18	0.18	0.18	0.18	0.18	0.18	0.18	0.18	0.18	0.18	1.230	1.230	1.230	1.230	1.230	1.230	1.230	1.230	1.230	1.230	1.230	1.230	6.70	6.70	6.70	6.70	6.70	6.70	6.70	6.70	6.70	6.70	6.70	6.70	50.0	50	0.5	0.5	0.2	Mixed Cover
6	1	60.0	125.	1.680	1.520	1.680	2.900	4.900	5.000	5.000	4.600	3.440	3.040	2.160	2.000	0.18	0.18	0.18	0.18	0.18	0.18	0.18	0.18	0.18	0.18	0.18	0.18	1.230	1.230	1.230	1.230	1.230	1.230	1.230	1.230	1.230	1.230	1.230	1.230	6.70	6.70	6.70	6.70	6.70	6.70	6.70	6.70	6.70	6.70	6.70	6.70	50.0	50	0.5	0.5	0.2	Woodland
7	0	40.0	125.	2.000	2.250	2.950	3.850	3.750	3.500	3.550	3.200	3.300	2.850	2.600	2.200	0.19	0.19	0.19	0.19	0.19	0.19	0.19	0.19	0.19	0.19	0.19	0.19	0.495	0.495	0.495	0.495	0.495	0.495	0.495	0.495	0.495	0.495	0.495	0.495	1.00	1.00	1.00	1.00	1.00	1.00	1.00	1.00	1.00	1.00	1.00	1.00	5	75.	0.5	0.5	0.2	Wooded Grasslands
8	0	50.0	135.	2.000	2.250	2.950	3.850	3.750	3.500	3.550	3.200	3.300	2.850	2.600	2.200	0.19	0.19	0.19	0.19	0.19	0.19	0.19	0.19	0.19	0.19	0.19	0.19	0.495	0.495	0.495	0.495	0.495	0.495	0.495	0.495	0.495	0.495	0.495	0.495	1.00	1.00	1.00	1.00	1.00	1.00	1.00	1.00	1.00	1.00	1.00	1.00	5	75.	0.5	0.5	0.2	Closed Shrublands
9	0	50.0	135.	2.000	2.250	2.950	3.850	3.750	3.500	3.550	3.200	3.300	2.850	2.600	2.200	0.19	0.19	0.19	0.19	0.19	0.19	0.19	0.19	0.19	0.19	0.19	0.19	0.495	0.495	0.495	0.495	0.495	0.495	0.495	0.495	0.495	0.495	0.495	0.495	1.00	1.00	1.00	1.00	1.00	1.00	1.00	1.00	1.00	1.00	1.00	1.00	5	75.	0.5	0.5	0.2	Open Shrublands
10	0	25.0	50.	2.000	2.250	2.950	3.850	3.750	3.500	3.550	3.200	3.300	2.850	2.600	2.200	0.20	0.20	0.20	0.20	0.20	0.20	0.20	0.20	0.20	0.20	0.20	0.20	0.0738	0.0738	0.0738	0.0738	0.0738	0.0738	0.0738	0.0738	0.0738	0.0738	0.0738	0.0738	0.402	0.402	0.402	0.402	0.402	0.402	0.402	0.402	0.402	0.402	0.402	0.402	3	100	0.5	0.5	0.2	Grasslands
11	0	25.0	60.	0.500	0.500	0.500	0.500	1.500	3.0000	4.500	5.0000	2.5000	0.500	0.500	0.500	0.10	0.10	0.10	0.10	0.20	0.20	0.20	0.20	0.20	0.10	0.10	0.10	0.006	0.006	0.006	0.006	0.012	0.062	0.123	0.185	0.215	0.215	0.006	0.006	0.034	0.034	0.034	0.034	0.067	0.335	0.670	1.005	1.173	1.173	0.034	0.034	2	100	0.5	0.5	0.2	Crop land (corn)

# 气象家园 case
#Class	OverStory	Rarc	Rmin	JAN-LAI	FEB-LAI	MAR-LAI	APR-LAI	MAY-LAI	JUN-LAI	JUL-LAI	AUG-LAI	SEP-LAI	OCT-LAI	NOV-LAI	DEC-LAI	JAN-ALB	FEB-ALB	MAR-ALB	APR-ALB	MAY-ALB	JUN-ALB	JUL-ALB	AUG-ALB	SEP-ALB	OCT-ALB	NOV-ALB	DEC-ALB	JAN-ROU	FEB-ROU	MAR-ROU	APR-ROU	MAY-ROU	JUN-ROU	JUL-ROU	AUG-ROU	SEP-ROU	OCT-TOU	NOV-ROU	DEC-ROU	JAN-DIS	FEB-DIS	MAR-DIS	APR-DIS	MAY-DIS	JUN-DIS	JUL-DIS	AUG-DIS	SEP-DIS	OCT-DIS	NOV-DIS	DEC-DIS	WIND_H	RGL	rad_atten	wind_atten	truck_ratio	COMMENT
1	1	60	250	3.4	3.4	3.5	3.7	4	4.4	4.4	4.3	4.2	3.7	3.5	3.4	0.16	0.36	0.36	0.36	0.062	0.1072952	0.1072952	0.1072952	0.1072952	0.1072952	0.36	0.36	1.112	1.103	1.088	1.082	1.076	1.068	1.073	1.079	1.082	1.088	1.103	1.112	13.76	13.8	13.86	13.88	13.9	13.93	13.91	13.89	13.88	13.86	13.8	13.76	50	30	0.5	0.5	0.2
2	1	60	250	3.4	3.4	3.5	3.7	4	4.4	4.4	4.3	4.2	3.7	3.5	3.4	0.16	0.36	0.36	0.36	0.076	0.1072952	0.1072952	0.1072952	0.1072952	0.1072952	0.36	0.36	2.653	2.653	2.653	2.653	2.653	2.653	2.653	2.653	2.653	2.653	2.653	2.653	27.37	27.37	27.37	27.37	27.37	27.37	27.37	27.37	27.37	27.37	27.37	27.37	50	30	0.5	0.5	0.2
3	1	60	150	1.68	1.52	1.68	2.9	4.9	5	5	4.6	3.44	3.04	2.16	2	0.16	0.36	0.36	0.36	0.062	0.1072952	0.1072952	0.1072952	0.1072952	0.1072952	0.36	0.36	1.112	1.103	1.088	1.082	1.076	1.068	1.073	1.079	1.082	1.088	1.103	1.112	13.76	13.8	13.86	13.88	13.9	13.93	13.91	13.89	13.88	13.86	13.8	13.76	50	30	0.5	0.5	0.2
4	1	60	150	1.68	1.52	1.68	2.9	4.9	5	5	4.6	3.44	3.04	2.16	2	0.16	0.36	0.36	0.36	0.092	0.1072952	0.1072952	0.1072952	0.1072952	0.1072952	0.36	0.36	0.52	0.52	0.666	0.91	1.031	1.044	1.042	1.037	1.036	0.917	0.666	0.52	13.66	13.66	14.62	15.7	16.33	16.62	16.66	16.6	16.41	15.73	14.62	13.66	50	30	0.5	0.5	0.2
5	1	60	200	1.68	1.52	1.68	2.9	4.9	5	5	4.6	3.44	3.04	2.16	2	0.16	0.36	0.36	0.36	0.069	0.1072952	0.1072952	0.1072952	0.1072952	0.1072952	0.36	0.36	0.816	0.8115	0.877	0.996	1.0535	1.056	1.0575	1.058	1.059	1.0025	0.8845	0.816	13.71	13.73	14.24	14.79	15.115	15.275	15.285	15.245	15.145	14.795	14.21	13.71	50	30	0.5	0.5	0.2
6	1	60	200	1.68	1.52	1.68	2.9	4.9	5	5	4.6	3.44	3.04	2.16	2	0.189352	0.36	0.36	0.36	0.075203	0.1072952	0.1072952	0.1072952	0.1072952	0.1072952	0.36	0.36	0.7602524	0.7551426	0.7772204	0.8250124	0.846955	0.8449668	0.8471342	0.8496604	0.8514252	0.8299022	0.7857734	0.7602744	10.75978	10.784568	11.021508	11.260816	11.409014	11.495542	11.49825	11.471618	11.415494	11.256806	10.987296	10.76176	50	30	0.5	0.5	0.2
7	1	40	125	2	2.25	2.95	3.85	3.75	3.5	3.55	3.2	3.3	2.85	2.6	2.2	0.28412	0.36	0.36	0.36	0.0907755	0.1072952	0.1072952	0.1072952	0.1072952	0.1072952	0.36	0.36	0.35090494	0.34920916	0.36891486	0.40567288	0.42336056	0.42338372	0.42328378	0.42485112	0.42631836	0.40881268	0.37218526	0.35096866	4.9960753	5.0096301	5.1736814	5.3473727	5.4631959	5.5392677	5.5581809	5.5436061	5.4831262	5.3586546	5.1646219	5.0018101	6	100	0.5	0.5	0.2
8	0	50	135	2	2.25	2.95	3.85	3.75	3.5	3.55	3.2	3.3	2.85	2.6	2.2	0.21908	0.189352	0.189352	0.189352	0.099079	0.075203	0.075203	0.075203	0.075203	0.075203	0.189352	0.189352	0.05641527	0.05645892	0.05557872	0.05430207	0.05425842	0.0539902	0.05361482	0.0572041	0.05892068	0.05821407	0.05709462	0.05645892	0.240654077	0.244582565	0.239817677	0.229184777	0.238351277	0.256615587	0.274816533	0.299158501	0.283995753	0.264179177	0.251798177	0.244582577	5	100	0.5	0.5	0.2
9	0	50	135	2	2.25	2.95	3.85	3.75	3.5	3.55	3.2	3.3	2.85	2.6	2.2	0.1919588	0.36	0.36	0.36	0.12129148	0.1072952	0.1072952	0.1072952	0.1072952	0.1072952	0.36	0.36	0.03699235	0.03699634	0.03528634	0.03272533	0.03272134	0.03270066	0.03268178	0.03907616	0.04149324	0.04032533	0.03823134	0.03699634	0.277559465	0.277918565	0.263812965	0.238307365	0.239145265	0.240943515	0.243318105	0.298518825	0.311662905	0.302251865	0.287087965	0.277918565	5	100	0.5	0.5	0.2
10	0	25	120	2	2.25	2.95	3.85	3.75	3.5	3.55	3.2	3.3	2.85	2.6	2.2	0.36	0.36	0.36	0.36	0.1072952	0.1072952	0.1072952	0.1072952	0.1072952	0.1072952	0.36	0.36	0.0777	0.0778	0.0778	0.0779	0.0778	0.0771	0.0759	0.07566	0.0778	0.0779	0.0778	0.0778	0.218	0.227	0.233	0.239	0.26	0.299	0.325	0.313	0.265	0.244	0.233	0.227	3	100	0.5	0.5	0.2
11	0	25	120	0.5	0.5	0.5	0.5	1.5	3	4.5	5	2.5	0.5	0.5	0.5	0.326666667	0.189352	0.189352	0.189352	0.1005264	0.075203	0.075203	0.075203	0.075203	0.075203	0.189352	0.189352	0.0777	0.0778	0.0778	0.0779	0.0778	0.0771	0.0759	0.07566	0.0778	0.0779	0.0778	0.0778	0.218	0.227	0.233	0.239	0.26	0.299	0.325	0.313	0.265	0.244	0.233	0.227	2	100	0.5	0.5	0.2

# VICGlobal soil and vegetation parameters for the Variable Infiltration Capacity hydrological model
#Northern hemisphere
#IGBP-Number-1-Indexing	OvrStry	Rarc	Rmin	JAN-LAI	FEB-LAI	MAR-LAI	APR-LAI	MAY-LAI	JUN-LAI	JUL-LAI	AUG-LAI	SEP-LAI	OCT-LAI	NOV-LAI	DEC-LAI	JAN-FCAN	FEB-FCAN	MAR-FCAN	APR-FCAN	MAY-FCAN	JUN-FCAN	JUL-FCAN	AUG-FCAN	SEP-FCAN	OCT-FCAN	NOV-FCAN	DEC-FCAN	JAN-ALB	FEB_ALB	MAR-ALB	APR-ALB	MAY-ALB	JUN-ALB	JUL-ALB	AUG-ALB	SEP-ALB	OCT-ALB	NOV-ALB	DEC-ALB	JAN-ROU	FEB-ROU	MAR-ROU	APR-ROU	MAY-ROU	JUN-ROU	JUL-ROU	AUG-ROU	SEP-ROU	OCT-ROU	NOV-ROU	DEC-ROU	JAN-DIS	FEB-DIS	MAR-DIS	APR-DIS	MAY-DIS	JUN-DIS	JUL-DIS	AUG-DIS	SEP-DIS	OCT-DIS	NOV-DIS	DEC-DIS	WIND_H	RGL	SolAtn	WndAtn	Trunk	COMMENT
1	0	25	120	0.000	0.000	0.000	0.000	0.000	0.000	0.000	0.000	0.000	0.000	0.000	0.000	0.000	0.000	0.000	0.000	0.000	0.000	0.000	0.000	0.000	0.000	0.000	0.000	0.100	0.100	0.100	0.100	0.100	0.100	0.100	0.100	0.100	0.100	0.100	0.100	0.0738	0.0738	0.0738	0.0738	0.0738	0.0738	0.0738	0.0738	0.0738	0.0738	0.0738	0.0738	0.402	0.402	0.402	0.402	0.402	0.402	0.402	0.402	0.402	0.402	0.402	0.402	3	100	0.5	0.5	0.2	OpenWater
2	1	60	250	1.011	1.087	1.069	1.375	1.953	2.886	3.478	3.173	2.324	1.884	1.592	1.104	0.262	0.319	0.360	0.412	0.538	0.658	0.734	0.734	0.697	0.641	0.397	0.308	0.113	0.153	0.170	0.137	0.102	0.092	0.094	0.093	0.092	0.111	0.159	0.144	1.476	1.476	1.476	1.476	1.476	1.476	1.476	1.476	1.476	1.476	1.476	1.476	8.04	8.04	8.04	8.04	8.04	8.04	8.04	8.04	8.04	8.04	8.04	8.04	50	30	0.5	0.5	0.2	EvergreenNeedleleaf
3	1	60	250	4.542	4.535	4.674	4.792	4.800	4.790	4.760	4.855	4.934	4.964	4.853	4.692	0.767	0.755	0.775	0.814	0.794	0.799	0.790	0.792	0.818	0.816	0.808	0.777	0.120	0.125	0.135	0.135	0.131	0.133	0.131	0.134	0.139	0.131	0.126	0.122	1.476	1.476	1.476	1.476	1.476	1.476	1.476	1.476	1.476	1.476	1.476	1.476	8.04	8.04	8.04	8.04	8.04	8.04	8.04	8.04	8.04	8.04	8.04	8.04	50	30	0.5	0.5	0.2	EvergreenBroadleaf
4	1	60	150	0.169	0.253	0.252	0.374	1.178	3.020	3.921	3.221	1.287	0.649	0.538	0.208	0.149	0.206	0.219	0.263	0.529	0.718	0.805	0.778	0.661	0.334	0.200	0.156	0.108	0.162	0.195	0.172	0.104	0.108	0.111	0.109	0.113	0.139	0.182	0.156	1.23	1.23	1.23	1.23	1.23	1.23	1.23	1.23	1.23	1.23	1.23	1.23	6.7	6.7	6.7	6.7	6.7	6.7	6.7	6.7	6.7	6.7	6.7	6.7	50	30	0.5	0.5	0.2	DeciduousNeedleleaf
5	1	60	150	0.669	0.645	0.716	1.329	3.455	5.042	5.161	4.945	3.991	2.023	0.987	0.763	0.290	0.278	0.305	0.478	0.710	0.848	0.868	0.855	0.807	0.603	0.430	0.382	0.165	0.177	0.148	0.119	0.134	0.152	0.149	0.139	0.128	0.118	0.123	0.149	1.23	1.23	1.23	1.23	1.23	1.23	1.23	1.23	1.23	1.23	1.23	1.23	6.7	6.7	6.7	6.7	6.7	6.7	6.7	6.7	6.7	6.7	6.7	6.7	50	30	0.5	0.5	0.2	DeciduousBroadleaf
6	1	60	200	0.686	0.772	0.765	1.026	1.967	3.696	4.384	3.945	2.433	1.442	1.165	0.793	0.188	0.276	0.278	0.405	0.544	0.755	0.829	0.805	0.703	0.541	0.369	0.239	0.135	0.193	0.187	0.140	0.103	0.120	0.124	0.119	0.111	0.114	0.180	0.186	1.23	1.23	1.23	1.23	1.23	1.23	1.23	1.23	1.23	1.23	1.23	1.23	6.7	6.7	6.7	6.7	6.7	6.7	6.7	6.7	6.7	6.7	6.7	6.7	50	50	0.5	0.5	0.2	MixedForest
7	0	50	135	0.228	0.210	0.244	0.402	0.577	0.840	1.047	0.998	0.701	0.535	0.432	0.302	0.208	0.194	0.196	0.378	0.388	0.337	0.301	0.295	0.293	0.388	0.424	0.297	0.142	0.181	0.192	0.196	0.181	0.151	0.139	0.138	0.140	0.141	0.157	0.125	0.495	0.495	0.495	0.495	0.495	0.495	0.495	0.495	0.495	0.495	0.495	0.495	1	1	1	1	1	1	1	1	1	1	1	1	5	75	0.5	0.5	0.2	ClosedShrub
8	0	50	135	0.132	0.141	0.159	0.123	0.319	0.850	1.308	1.115	0.648	0.452	0.200	0.109	0.063	0.061	0.065	0.070	0.156	0.405	0.482	0.500	0.403	0.175	0.060	0.081	0.229	0.326	0.594	0.624	0.521	0.222	0.158	0.163	0.218	0.416	0.260	0.215	0.495	0.495	0.495	0.495	0.495	0.495	0.495	0.495	0.495	0.495	0.495	0.495	1	1	1	1	1	1	1	1	1	1	1	1	5	75	0.5	0.5	0.2	OpenShrub
9	0	40	125	0.539	0.516	0.597	0.798	1.285	2.118	2.619	2.372	1.742	1.416	1.004	0.649	0.181	0.176	0.192	0.240	0.447	0.570	0.647	0.642	0.562	0.433	0.262	0.240	0.158	0.240	0.354	0.334	0.215	0.124	0.128	0.130	0.139	0.221	0.204	0.132	0.495	0.495	0.495	0.495	0.495	0.495	0.495	0.495	0.495	0.495	0.495	0.495	1	1	1	1	1	1	1	1	1	1	1	1	5	75	0.5	0.5	0.2	Savannas
10	1	60	200	0.647	0.674	0.697	0.916	1.497	2.645	3.324	2.892	1.759	1.333	1.059	0.726	0.160	0.173	0.187	0.268	0.483	0.624	0.714	0.700	0.618	0.444	0.214	0.180	0.155	0.223	0.299	0.246	0.143	0.112	0.116	0.116	0.118	0.169	0.223	0.144	1.23	1.23	1.23	1.23	1.23	1.23	1.23	1.23	1.23	1.23	1.23	1.23	6.7	6.7	6.7	6.7	6.7	6.7	6.7	6.7	6.7	6.7	6.7	6.7	50	50	0.5	0.5	0.2	WoodySavannas
11	0	25	120	0.194	0.179	0.219	0.312	0.460	0.669	0.806	0.799	0.610	0.411	0.285	0.233	0.109	0.107	0.130	0.176	0.204	0.266	0.290	0.303	0.283	0.199	0.169	0.157	0.387	0.409	0.384	0.315	0.283	0.206	0.167	0.167	0.201	0.243	0.249	0.322	0.0738	0.0738	0.0738	0.0738	0.0738	0.0738	0.0738	0.0738	0.0738	0.0738	0.0738	0.0738	0.402	0.402	0.402	0.402	0.402	0.402	0.402	0.402	0.402	0.402	0.402	0.402	3	100	0.5	0.5	0.2	Grasslands
12	0	25	120	0.396	0.409	0.421	0.586	1.064	1.850	2.389	2.150	1.440	1.087	0.743	0.444	0.103	0.109	0.114	0.170	0.419	0.519	0.593	0.590	0.541	0.453	0.136	0.116	0.249	0.409	0.568	0.456	0.230	0.113	0.116	0.122	0.131	0.217	0.373	0.104	0.0738	0.0738	0.0738	0.0738	0.0738	0.0738	0.0738	0.0738	0.0738	0.0738	0.0738	0.0738	0.402	0.402	0.402	0.402	0.402	0.402	0.402	0.402	0.402	0.402	0.402	0.402	3	100	0.5	0.5	0.2	PermanentWetlands
13	0	25	120	0.502	0.528	0.575	0.710	1.010	1.500	1.976	1.925	1.396	0.933	0.673	0.528	0.228	0.241	0.266	0.307	0.339	0.448	0.513	0.536	0.487	0.367	0.296	0.283	0.281	0.328	0.232	0.163	0.160	0.164	0.168	0.165	0.158	0.158	0.214	0.220	0.006	0.006	0.006	0.006	0.006	0.006	0.006	0.006	0.006	0.006	0.006	0.006	0.034	0.034	0.034	0.034	0.034	0.034	0.034	0.034	0.034	0.034	0.034	0.034	2	100	0.5	0.5	0.2	Cropland
14	0	25	120	0.210	0.196	0.236	0.364	0.573	0.683	0.691	0.659	0.563	0.435	0.309	0.235	0.226	0.225	0.245	0.305	0.335	0.364	0.379	0.381	0.369	0.331	0.285	0.262	0.163	0.165	0.142	0.138	0.144	0.147	0.145	0.141	0.137	0.138	0.145	0.163	0.0738	0.0738	0.0738	0.0738	0.0738	0.0738	0.0738	0.0738	0.0738	0.0738	0.0738	0.0738	0.402	0.402	0.402	0.402	0.402	0.402	0.402	0.402	0.402	0.402	0.402	0.402	3	100	0.5	0.5	0.2	Urban
15	0	25	120	1.311	1.197	1.373	1.744	2.218	2.529	2.570	2.522	2.418	2.161	1.848	1.523	0.400	0.382	0.430	0.513	0.549	0.596	0.601	0.600	0.617	0.592	0.547	0.472	0.161	0.159	0.162	0.165	0.168	0.173	0.170	0.166	0.163	0.168	0.159	0.159	0.006	0.006	0.006	0.006	0.006	0.006	0.006	0.006	0.006	0.006	0.006	0.006	0.034	0.034	0.034	0.034	0.034	0.034	0.034	0.034	0.034	0.034	0.034	0.034	2	100	0.5	0.5	0.2	CroplandNaturalVegMosaic
16	0	25	120	0.103	0.078	0.084	0.088	0.088	0.087	0.096	0.096	0.085	0.098	0.066	0.071	0.031	0.038	0.047	0.049	0.045	0.044	0.043	0.046	0.047	0.038	0.034	0.031	0.414	0.400	0.646	0.759	0.765	0.729	0.706	0.708	0.758	0.747	0.550	0.556	0.0738	0.0738	0.0738	0.0738	0.0738	0.0738	0.0738	0.0738	0.0738	0.0738	0.0738	0.0738	0.402	0.402	0.402	0.402	0.402	0.402	0.402	0.402	0.402	0.402	0.402	0.402	3	100	0.5	0.5	0.2	SnowIce
17	0	25	120	0.095	0.095	0.094	0.099	0.101	0.098	0.102	0.107	0.103	0.101	0.094	0.097	0.098	0.097	0.098	0.102	0.096	0.097	0.098	0.099	0.101	0.097	0.097	0.097	0.331	0.327	0.324	0.325	0.325	0.321	0.312	0.309	0.315	0.317	0.319	0.326	0.0738	0.0738	0.0738	0.0738	0.0738	0.0738	0.0738	0.0738	0.0738	0.0738	0.0738	0.0738	0.402	0.402	0.402	0.402	0.402	0.402	0.402	0.402	0.402	0.402	0.402	0.402	3	100	0.5	0.5	0.2	Barren

#Southern hemisphere
#IGBP-Number	OvrStry	Rarc	Rmin	JAN-LAI	FEB-LAI	MAR-LAI	APR-LAI	MAY-LAI	JUN-LAI	JUL-LAI	AUG-LAI	SEP-LAI	OCT-LAI	NOV-LAI	DEC-LAI	JAN-FCAN	FEB-FCAN	MAR-FCAN	APR-FCAN	MAY-FCAN	JUN-FCAN	JUL-FCAN	AUG-FCAN	SEP-FCAN	OCT-FCAN	NOV-FCAN	DEC-FCAN	JAN-ALB	FEB_ALB	MAR-ALB	APR-ALB	MAY-ALB	JUN-ALB	JUL-ALB	AUG-ALB	SEP-ALB	OCT-ALB	NOV-ALB	DEC-ALB	JAN-ROU	FEB-ROU	MAR-ROU	APR-ROU	MAY-ROU	JUN-ROU	JUL-ROU	AUG-ROU	SEP-ROU	OCT-ROU	NOV-ROU	DEC-ROU	JAN-DIS	FEB-DIS	MAR-DIS	APR-DIS	MAY-DIS	JUN-DIS	JUL-DIS	AUG-DIS	SEP-DIS	OCT-DIS	NOV-DIS	DEC-DIS	WIND_H	RGL	SolAtn	WndAtn	Trunk	COMMENT
1	0	25	120	0.000	0.000	0.000	0.000	0.000	0.000	0.000	0.000	0.000	0.000	0.000	0.000	0.000	0.000	0.000	0.000	0.000	0.000	0.000	0.000	0.000	0.000	0.000	0.000	0.100	0.100	0.100	0.100	0.100	0.100	0.100	0.100	0.100	0.100	0.100	0.100	0.0738	0.0738	0.0738	0.0738	0.0738	0.0738	0.0738	0.0738	0.0738	0.0738	0.0738	0.0738	0.402	0.402	0.402	0.402	0.402	0.402	0.402	0.402	0.402	0.402	0.402	0.402	3	100	0.5	0.5	0.2	OpenWater
2	1	60	250	3.862	3.800	3.827	3.874	3.735	3.486	3.542	3.399	3.394	3.501	3.632	3.776	0.710	0.719	0.747	0.797	0.768	0.784	0.743	0.713	0.692	0.675	0.676	0.687	0.102	0.101	0.102	0.103	0.106	0.109	0.109	0.107	0.102	0.097	0.097	0.099	1.476	1.476	1.476	1.476	1.476	1.476	1.476	1.476	1.476	1.476	1.476	1.476	8.04	8.04	8.04	8.04	8.04	8.04	8.04	8.04	8.04	8.04	8.04	8.04	50	30	0.5	0.5	0.2	EvergreenNeedleleaf
3	1	60	250	4.846	4.806	4.923	5.001	4.978	4.929	4.937	4.996	5.005	5.026	4.981	4.915	0.783	0.778	0.795	0.832	0.798	0.809	0.800	0.790	0.813	0.798	0.797	0.790	0.130	0.137	0.137	0.127	0.123	0.123	0.122	0.126	0.134	0.141	0.137	0.132	1.476	1.476	1.476	1.476	1.476	1.476	1.476	1.476	1.476	1.476	1.476	1.476	8.04	8.04	8.04	8.04	8.04	8.04	8.04	8.04	8.04	8.04	8.04	8.04	50	30	0.5	0.5	0.2	EvergreenBroadleaf
4	1	60	150	3.862	3.800	3.827	3.874	3.735	3.486	3.542	3.399	3.394	3.501	3.632	3.776	0.710	0.719	0.747	0.797	0.768	0.784	0.743	0.713	0.692	0.675	0.676	0.687	0.102	0.101	0.102	0.103	0.106	0.109	0.109	0.107	0.102	0.097	0.097	0.099	1.23	1.23	1.23	1.23	1.23	1.23	1.23	1.23	1.23	1.23	1.23	1.23	6.7	6.7	6.7	6.7	6.7	6.7	6.7	6.7	6.7	6.7	6.7	6.7	50	30	0.5	0.5	0.2	DeciduousNeedleleaf
5	1	60	150	3.810	4.196	4.438	4.009	3.356	2.709	2.188	1.800	1.905	2.704	3.508	3.870	0.788	0.797	0.818	0.839	0.775	0.745	0.652	0.532	0.499	0.589	0.713	0.784	0.148	0.143	0.131	0.121	0.117	0.113	0.109	0.111	0.117	0.129	0.144	0.149	1.23	1.23	1.23	1.23	1.23	1.23	1.23	1.23	1.23	1.23	1.23	1.23	6.7	6.7	6.7	6.7	6.7	6.7	6.7	6.7	6.7	6.7	6.7	6.7	50	30	0.5	0.5	0.2	DeciduousBroadleaf
6	1	60	200	3.192	3.257	3.269	3.010	2.458	1.819	1.407	1.224	1.405	1.923	2.572	3.041	0.730	0.729	0.745	0.761	0.676	0.583	0.490	0.437	0.423	0.447	0.617	0.723	0.129	0.132	0.125	0.115	0.109	0.113	0.113	0.118	0.125	0.134	0.132	0.131	1.23	1.23	1.23	1.23	1.23	1.23	1.23	1.23	1.23	1.23	1.23	1.23	6.7	6.7	6.7	6.7	6.7	6.7	6.7	6.7	6.7	6.7	6.7	6.7	50	50	0.5	0.5	0.2	MixedForest
7	0	50	135	0.709	0.771	0.767	0.663	0.554	0.477	0.411	0.380	0.402	0.444	0.503	0.589	0.260	0.292	0.302	0.313	0.290	0.281	0.259	0.239	0.222	0.208	0.202	0.229	0.143	0.137	0.133	0.131	0.130	0.130	0.131	0.132	0.134	0.137	0.141	0.143	0.495	0.495	0.495	0.495	0.495	0.495	0.495	0.495	0.495	0.495	0.495	0.495	1	1	1	1	1	1	1	1	1	1	1	1	5	75	0.5	0.5	0.2	ClosedShrub
8	0	50	135	0.326	0.366	0.377	0.336	0.298	0.266	0.248	0.246	0.250	0.259	0.270	0.282	0.183	0.208	0.207	0.210	0.197	0.191	0.182	0.171	0.166	0.158	0.157	0.156	0.189	0.183	0.181	0.181	0.180	0.182	0.181	0.183	0.183	0.183	0.187	0.191	0.495	0.495	0.495	0.495	0.495	0.495	0.495	0.495	0.495	0.495	0.495	0.495	1	1	1	1	1	1	1	1	1	1	1	1	5	75	0.5	0.5	0.2	OpenShrub
9	0	40	125	2.512	2.663	2.729	2.578	2.164	1.659	1.317	1.162	1.257	1.537	1.903	2.287	0.601	0.625	0.648	0.668	0.601	0.539	0.462	0.404	0.395	0.413	0.497	0.58	0.143	0.145	0.139	0.133	0.129	0.126	0.125	0.126	0.131	0.139	0.142	0.143	0.495	0.495	0.495	0.495	0.495	0.495	0.495	0.495	0.495	0.495	0.495	0.495	1	1	1	1	1	1	1	1	1	1	1	1	5	75	0.5	0.5	0.2	Savannas
10	1	60	200	3.290	3.358	3.439	3.322	2.933	2.462	2.127	1.975	2.100	2.511	2.920	3.211	0.680	0.691	0.718	0.754	0.697	0.653	0.581	0.513	0.521	0.568	0.641	0.683	0.133	0.136	0.131	0.123	0.120	0.118	0.116	0.119	0.125	0.134	0.136	0.136	1.23	1.23	1.23	1.23	1.23	1.23	1.23	1.23	1.23	1.23	1.23	1.23	6.7	6.7	6.7	6.7	6.7	6.7	6.7	6.7	6.7	6.7	6.7	6.7	50	50	0.5	0.5	0.2	WoodySavannas
11	0	25	120	1.252	1.416	1.437	1.255	1.012	0.792	0.659	0.610	0.641	0.718	0.831	1.003	0.383	0.422	0.444	0.441	0.385	0.341	0.300	0.268	0.258	0.258	0.287	0.335	0.161	0.158	0.152	0.149	0.150	0.154	0.154	0.157	0.158	0.161	0.163	0.162	0.0738	0.0738	0.0738	0.0738	0.0738	0.0738	0.0738	0.0738	0.0738	0.0738	0.0738	0.0738	0.402	0.402	0.402	0.402	0.402	0.402	0.402	0.402	0.402	0.402	0.402	0.402	3	100	0.5	0.5	0.2	Grasslands
12	0	25	120	2.732	2.742	2.694	2.554	2.431	2.110	2.052	2.018	2.129	2.350	2.501	2.637	0.589	0.582	0.593	0.610	0.549	0.537	0.520	0.511	0.523	0.542	0.543	0.572	0.112	0.110	0.105	0.100	0.098	0.101	0.106	0.108	0.112	0.114	0.115	0.114	0.0738	0.0738	0.0738	0.0738	0.0738	0.0738	0.0738	0.0738	0.0738	0.0738	0.0738	0.0738	0.402	0.402	0.402	0.402	0.402	0.402	0.402	0.402	0.402	0.402	0.402	0.402	3	100	0.5	0.5	0.2	PermanentWetlands
13	0	25	120	1.617	1.875	1.542	1.087	0.870	0.832	0.949	1.275	1.469	1.305	1.050	1.121	0.424	0.494	0.482	0.425	0.362	0.357	0.371	0.418	0.436	0.382	0.303	0.329	0.184	0.177	0.171	0.164	0.162	0.162	0.163	0.168	0.169	0.167	0.172	0.179	0.006	0.006	0.006	0.006	0.006	0.006	0.006	0.006	0.006	0.006	0.006	0.006	0.034	0.034	0.034	0.034	0.034	0.034	0.034	0.034	0.034	0.034	0.034	0.034	2	100	0.5	0.5	0.2	Cropland
14	0	25	120	0.477	0.492	0.480	0.432	0.364	0.288	0.247	0.245	0.301	0.377	0.430	0.464	0.328	0.331	0.336	0.349	0.325	0.312	0.289	0.270	0.272	0.285	0.298	0.312	0.152	0.149	0.143	0.139	0.140	0.138	0.137	0.139	0.142	0.150	0.157	0.154	0.0738	0.0738	0.0738	0.0738	0.0738	0.0738	0.0738	0.0738	0.0738	0.0738	0.0738	0.0738	0.402	0.402	0.402	0.402	0.402	0.402	0.402	0.402	0.402	0.402	0.402	0.402	3	100	0.5	0.5	0.2	Urban
15	0	25	120	2.673	2.667	2.704	2.698	2.574	2.336	2.109	1.995	2.030	2.193	2.388	2.593	0.635	0.619	0.629	0.663	0.638	0.615	0.566	0.534	0.549	0.548	0.580	0.631	0.147	0.150	0.151	0.150	0.143	0.143	0.142	0.142	0.147	0.155	0.150	0.153	0.006	0.006	0.006	0.006	0.006	0.006	0.006	0.006	0.006	0.006	0.006	0.006	0.034	0.034	0.034	0.034	0.034	0.034	0.034	0.034	0.034	0.034	0.034	0.034	2	100	0.5	0.5	0.2	CroplandNaturalVegMosaic
16	0	25	120	0.085	0.140	0.146	0.094	0.075	0.081	0.050	0.063	0.045	0.095	0.077	0.100	0.034	0.038	0.037	0.041	0.041	0.040	0.040	0.042	0.044	0.041	0.034	0.041	0.783	0.769	0.600	0.745	0.518	0.534	0.440	0.365	0.431	0.636	0.789	0.793	0.0738	0.0738	0.0738	0.0738	0.0738	0.0738	0.0738	0.0738	0.0738	0.0738	0.0738	0.0738	0.402	0.402	0.402	0.402	0.402	0.402	0.402	0.402	0.402	0.402	0.402	0.402	3	100	0.5	0.5	0.2	SnowIce
17	0	25	120	0.105	0.100	0.103	0.102	0.101	0.100	0.099	0.100	0.098	0.094	0.100	0.103	0.092	0.094	0.097	0.101	0.095	0.091	0.090	0.091	0.094	0.091	0.091	0.092	0.221	0.216	0.214	0.216	0.223	0.244	0.238	0.234	0.226	0.225	0.227	0.227	0.0738	0.0738	0.0738	0.0738	0.0738	0.0738	0.0738	0.0738	0.0738	0.0738	0.0738	0.0738	0.402	0.402	0.402	0.402	0.402	0.402	0.402	0.402	0.402	0.402	0.402	0.402	3	100	0.5	0.5	0.2	Barren
