ncols         56
nrows         34
xllcorner     100.75000000033
yllcorner     33.500000000126
cellsize      0.25
NODATA_value  -9999
-9999 -9999 -9999 -9999 -9999 -9999 -9999 -9999 -9999 -9999 -9999 -9999 -9999 -9999 -9999 -9999 -9999 -9999 -9999 -9999 -9999 -9999 -9999 -9999 -9999 -9999 -9999 -9999 -9999 -9999 -9999 -9999 -9999 -9999 -9999 -9999 -9999 -9999 -9999 -9999 -9999 -9999 -9999 -9999 -9999 -9999 -9999 5 5 -9999 -9999 -9999 -9999 -9999 -9999 -9999 
-9999 -9999 -9999 -9999 -9999 -9999 -9999 -9999 -9999 -9999 -9999 -9999 -9999 -9999 -9999 -9999 -9999 -9999 -9999 -9999 -9999 -9999 -9999 -9999 -9999 -9999 -9999 -9999 -9999 -9999 -9999 -9999 -9999 -9999 -9999 -9999 -9999 -9999 -9999 -9999 -9999 -9999 -9999 -9999 -9999 3 3 3 7 -9999 -9999 -9999 -9999 -9999 -9999 -9999 
-9999 -9999 -9999 -9999 -9999 -9999 -9999 -9999 -9999 -9999 -9999 -9999 -9999 -9999 -9999 -9999 -9999 -9999 -9999 -9999 -9999 -9999 -9999 -9999 -9999 -9999 -9999 5 -9999 5 -9999 -9999 5 6 5 6 6 2 1 1 8 3 2 1 1 2 1 1 1 -9999 -9999 -9999 -9999 -9999 -9999 -9999 
-9999 -9999 -9999 -9999 -9999 -9999 -9999 -9999 -9999 -9999 -9999 -9999 -9999 -9999 -9999 -9999 -9999 -9999 -9999 -9999 -9999 -9999 -9999 -9999 3 3 3 3 3 3 3 5 7 7 6 6 5 6 7 1 5 5 4 5 5 6 6 5 3 -9999 -9999 -9999 -9999 -9999 -9999 -9999 
-9999 -9999 -9999 -9999 -9999 -9999 -9999 -9999 -9999 -9999 -9999 -9999 -9999 -9999 -9999 -9999 -9999 -9999 -9999 -9999 -9999 -9999 3 3 2 2 2 1 2 1 3 1 7 7 5 5 5 6 5 4 5 5 5 5 6 7 6 5 3 -9999 7 -9999 -9999 4 -9999 -9999 
-9999 -9999 -9999 -9999 -9999 -9999 -9999 -9999 -9999 -9999 -9999 -9999 -9999 -9999 -9999 -9999 -9999 -9999 -9999 -9999 -9999 3 3 2 1 1 1 1 1 1 3 1 7 8 4 5 5 5 5 5 5 5 6 7 7 7 7 6 4 5 6 4 5 6 -9999 -9999 
-9999 -9999 -9999 -9999 -9999 -9999 -9999 -9999 -9999 -9999 -9999 -9999 -9999 -9999 -9999 -9999 -9999 -9999 -9999 -9999 -9999 -9999 6 1 1 8 1 1 8 1 1 1 1 1 3 3 3 3 3 3 3 7 7 7 1 1 8 7 3 5 5 3 4 5 5 -9999 
-9999 -9999 -9999 -9999 -9999 -9999 -9999 -9999 -9999 -9999 -9999 -9999 -9999 -9999 -9999 -9999 -9999 -9999 -9999 -9999 -9999 -9999 -9999 -9999 1 1 1 1 8 7 8 1 1 1 1 1 1 1 1 1 1 1 1 8 8 7 1 3 4 5 5 6 3 3 -9999 -9999 
-9999 -9999 -9999 -9999 -9999 -9999 -9999 -9999 -9999 -9999 -9999 -9999 -9999 -9999 -9999 -9999 -9999 -9999 -9999 -9999 -9999 -9999 -9999 7 1 8 2 1 1 8 1 8 8 2 2 1 1 1 1 4 5 6 8 7 1 8 1 4 3 5 6 7 1 1 1 -9999 
-9999 -9999 -9999 -9999 -9999 -9999 -9999 -9999 -9999 -9999 -9999 -9999 -9999 -9999 -9999 -9999 -9999 -9999 -9999 -9999 -9999 -9999 -9999 8 8 7 5 1 1 8 1 1 5 5 5 4 4 5 5 3 4 7 6 8 8 4 5 5 3 2 7 8 7 5 2 1 
-9999 -9999 -9999 -9999 -9999 -9999 -9999 -9999 -9999 -9999 -9999 -9999 -9999 -9999 -9999 -9999 -9999 -9999 -9999 -9999 -9999 -9999 4 5 5 6 5 5 6 7 1 3 4 5 6 4 3 4 5 2 1 8 7 7 6 3 3 3 2 1 1 1 5 4 5 -9999 
-9999 -9999 -9999 -9999 -9999 -9999 -9999 -9999 -9999 -9999 -9999 -9999 -9999 -9999 -9999 -9999 -9999 -9999 -9999 -9999 -9999 3 3 3 7 7 7 7 7 8 5 3 3 4 5 3 2 3 5 3 4 5 6 7 7 2 2 1 1 8 7 3 4 5 4 -9999 
-9999 -9999 -9999 -9999 -9999 -9999 -9999 -9999 -9999 -9999 -9999 -9999 -9999 -9999 -9999 -9999 -9999 -9999 -9999 -9999 7 3 2 1 1 8 1 8 7 5 4 4 5 4 5 5 4 3 4 4 5 6 7 1 8 1 4 5 4 5 6 3 3 -9999 -9999 -9999 
-9999 -9999 -9999 -9999 -9999 -9999 -9999 -9999 -9999 -9999 -9999 -9999 -9999 -9999 -9999 -9999 -9999 -9999 -9999 -9999 3 3 2 1 8 1 1 1 8 4 4 4 5 5 4 5 3 4 4 5 6 7 7 5 5 4 3 4 3 4 4 5 -9999 -9999 -9999 -9999 
-9999 -9999 -9999 -9999 -9999 -9999 -9999 -9999 -9999 -9999 -9999 -9999 -9999 -9999 -9999 -9999 -9999 -9999 -9999 -9999 3 3 1 7 8 8 3 1 7 3 4 4 5 5 4 5 6 3 3 2 7 7 8 4 5 3 3 3 2 3 3 3 -9999 -9999 -9999 -9999 
-9999 -9999 -9999 -9999 -9999 -9999 -9999 -9999 -9999 -9999 -9999 -9999 -9999 -9999 -9999 -9999 -9999 -9999 -9999 -9999 3 2 1 8 7 3 2 1 8 4 3 3 3 7 3 4 5 3 4 5 5 6 7 3 4 5 4 5 1 2 2 1 3 -9999 -9999 -9999 
-9999 1 3 -9999 -9999 -9999 -9999 -9999 -9999 -9999 -9999 -9999 -9999 -9999 -9999 -9999 -9999 -9999 -9999 3 3 1 7 7 8 3 5 6 7 3 3 2 1 1 2 3 4 5 3 3 7 7 7 2 3 4 5 5 5 6 3 2 2 3 -9999 -9999 
-9999 3 2 1 2 1 -9999 -9999 -9999 -9999 -9999 -9999 1 -9999 1 3 3 3 7 3 2 1 1 8 7 3 2 7 7 2 2 1 1 1 3 2 3 4 5 5 6 7 7 4 5 5 6 7 7 7 2 1 2 3 -9999 -9999 
5 1 3 3 7 7 3 -9999 -9999 -9999 -9999 -9999 3 5 7 3 2 1 1 2 1 8 1 8 7 7 1 1 1 1 1 1 1 5 3 2 3 3 3 7 7 8 4 5 5 6 7 7 1 8 2 4 5 -9999 -9999 -9999 
-9999 3 4 4 5 6 2 1 -9999 -9999 1 3 3 4 5 2 1 2 1 1 8 7 1 1 8 4 5 3 4 5 6 3 3 4 3 3 3 3 1 1 8 7 3 3 2 7 1 1 8 7 4 3 3 -9999 -9999 -9999 
4 3 4 5 5 7 5 4 5 4 5 5 2 3 4 7 6 8 2 2 1 8 6 3 4 3 4 5 3 2 4 5 4 4 5 4 5 3 4 7 6 3 4 5 6 1 8 5 6 7 4 2 3 -9999 -9999 -9999 
3 3 3 3 7 7 4 5 5 5 5 4 5 2 1 8 7 7 2 3 3 5 7 4 3 4 3 4 5 1 3 4 3 3 3 3 2 3 1 8 7 7 3 5 7 7 3 4 5 5 4 4 -9999 -9999 -9999 -9999 
-9999 6 5 1 1 3 3 3 3 4 5 5 5 3 2 1 8 7 5 3 3 1 7 3 5 5 4 5 5 6 4 5 3 4 5 3 1 3 2 1 8 4 3 5 7 6 2 3 3 3 3 3 -9999 -9999 -9999 -9999 
-9999 7 3 7 7 4 5 1 2 3 3 7 7 7 1 2 1 8 6 7 2 1 4 3 4 4 3 3 5 7 3 4 4 3 5 7 3 2 1 5 1 4 5 6 7 7 5 3 5 2 1 3 -9999 -9999 -9999 -9999 
-9999 -9999 1 1 1 3 3 3 2 2 1 1 1 8 3 1 8 7 4 5 2 1 3 4 4 4 5 3 1 7 2 1 4 5 5 6 2 1 4 5 5 5 5 7 8 4 5 5 5 7 3 3 -9999 -9999 -9999 -9999 
-9999 -9999 1 1 3 2 1 1 1 8 3 4 2 1 2 1 1 1 3 4 5 6 3 3 3 3 4 5 5 6 6 3 3 4 4 5 5 4 5 6 7 3 7 7 7 3 3 3 4 4 5 5 -9999 -9999 -9999 -9999 
-9999 -9999 -9999 -9999 2 1 8 -9999 2 1 2 1 8 7 5 2 4 5 4 5 6 7 2 3 3 3 3 3 7 7 5 6 2 3 4 4 5 3 2 7 5 5 1 4 5 5 4 5 5 5 3 -9999 -9999 -9999 -9999 -9999 
-9999 -9999 -9999 -9999 1 3 2 -9999 -9999 1 1 2 1 3 3 3 3 5 4 5 6 7 3 4 5 6 2 1 1 4 5 4 5 5 5 5 5 5 5 5 6 7 7 3 4 7 3 5 3 -9999 -9999 -9999 -9999 -9999 -9999 -9999 
-9999 -9999 -9999 -9999 -9999 -9999 -9999 -9999 -9999 -9999 -9999 -9999 1 3 4 5 3 4 3 5 7 6 7 3 4 7 7 2 1 4 4 5 5 5 5 5 5 5 6 5 7 1 8 2 1 4 3 3 3 2 1 1 -9999 -9999 -9999 -9999 
-9999 -9999 -9999 -9999 -9999 -9999 -9999 -9999 -9999 -9999 -9999 -9999 -9999 2 3 3 2 3 3 1 7 7 4 2 4 5 5 5 5 5 3 4 5 3 3 3 3 7 7 1 7 7 4 5 2 3 3 1 1 1 1 1 -9999 -9999 -9999 -9999 
-9999 -9999 -9999 -9999 -9999 -9999 -9999 -9999 -9999 -9999 -9999 -9999 -9999 -9999 -9999 1 4 2 1 1 4 5 5 3 3 3 7 3 4 4 5 3 2 2 1 1 1 1 1 1 8 8 3 2 7 3 2 1 5 -9999 -9999 -9999 -9999 -9999 -9999 -9999 
-9999 -9999 -9999 -9999 -9999 -9999 -9999 -9999 -9999 -9999 -9999 -9999 -9999 -9999 -9999 -9999 -9999 -9999 -9999 4 3 5 7 -9999 -9999 1 1 1 3 3 3 2 1 1 8 7 8 -9999 -9999 7 3 -9999 2 1 3 2 1 -9999 -9999 -9999 -9999 -9999 -9999 -9999 -9999 -9999 
-9999 -9999 -9999 -9999 -9999 -9999 -9999 -9999 -9999 -9999 -9999 -9999 -9999 -9999 -9999 -9999 -9999 -9999 -9999 -9999 -9999 -9999 -9999 -9999 -9999 -9999 -9999 1 2 1 1 1 1 1 1 8 -9999 -9999 -9999 -9999 -9999 -9999 -9999 -9999 2 1 3 -9999 -9999 -9999 -9999 -9999 -9999 -9999 -9999 -9999 
-9999 -9999 -9999 -9999 -9999 -9999 -9999 -9999 -9999 -9999 -9999 -9999 -9999 -9999 -9999 -9999 -9999 -9999 -9999 -9999 -9999 -9999 -9999 -9999 -9999 -9999 -9999 -9999 3 5 -9999 -9999 -9999 -9999 -9999 -9999 -9999 -9999 -9999 -9999 -9999 -9999 -9999 -9999 1 8 -9999 -9999 -9999 -9999 -9999 -9999 -9999 -9999 -9999 -9999 
