ncols         56
nrows         34
xllcorner     100.75
yllcorner     33.5
cellsize      0.25
NODATA_value  -9999
0 0 0 0 0 0 0 0 0 0 0 0 0 0 0 0 0 0 0 0 0 0 0 0 0 0 0 0 0 0 0 0 0 0 0 0 0 0 0 0 0 0 0 0 0 0 0.00234852 0.182289 0.0327233 0 0 0 0 0 0 0 
0 0 0 0 0 0 0 0 0 0 0 0 0 0 0 0 0 0 0 0 0 0 0 0 0 0 0 0 0 0 0 0 0 0 0 0.00012595 0 0 0 0 0 0 0 0 0 0.26909 0.598223 1 0.0896919 0 0 0 0 0 0 0 
0 0 0 0 0 0 0 0 0 0 0 0 0 0 0 0 0 0 0 0 0 0 0 0 0 0 0.00493354 0.0856132 0.000121725 0.00352117 0 0 0.0287264 0.0361806 0.00841141 0.300652 0.613217 0.525437 0.370716 0.266803 0.305375 0.122426 0.188015 0.196604 0.120338 0.711958 1 1 0.26155 0 0 0 0 0 0 0 
0 0 0 0 0 0 0 0 0 0 0 0 0 0 0 0 0 0 0 0 0 0 0 0 0.0391246 0.42902 0.785591 1 0.707016 0.780079 0.678587 0.605919 0.804937 0.820414 0.805181 0.803148 1 1 1 1 1 1 1 1 0.783388 1 1 0.792838 0.113526 0 0 0 0 0 0 0 
0 0 0 0 0 0 0 0 0 0 0 0 0 0 0 0 0 0 0 0 0 0.0123568 0.559725 0.186182 0.725313 1 1 1 1 1 1 1 1 1 1 1 1 1 1 1 1 1 1 1 1 1 1 1 0.568824 0 0.0309056 0 0 0.0109402 0 0 
0 0 0 0 0 0 0 0 0 0 0 0 0 0 0 0 0 0 0 0 0 0.0919583 0.748724 0.823918 1 1 1 1 1 1 1 1 1 1 1 1 1 1 1 1 1 1 1 1 1 1 1 1 1 0.728643 0.774364 0.47185 0.120247 0.527614 0.0100176 0 
0 0 0 0 0 0 0 0 0 0 0 0 0 0 0 0 0 0 0 0 0 0 0.112902 0.515552 1 1 1 1 1 1 1 1 1 1 1 1 1 1 1 1 1 1 1 1 1 1 1 1 1 1 1 1 1 1 0.326053 0.000314193 
0 0 0 0 0 0 0 0 0 0 0 0 0 0 0 0 0 0 0 0 0 0 0 0.0244105 0.713796 1 1 1 1 1 1 1 1 1 1 1 1 1 1 1 1 1 1 1 1 1 1 1 1 1 1 1 0.766195 0.224301 0.00275599 0 
0 0 0 0 0 0 0 0 0 0 0 0 0 0 0 0 0 0 0 0 0 0 0 0.0292463 1 1 1 1 1 1 1 1 1 1 1 1 1 1 1 1 1 1 1 1 1 1 1 1 1 1 1 1 1 0.533251 0.256375 0 
0 0 0 0 0 0 0 0 0 0 0 0 0 0 0 0 0 0 0 0 0 0 0 0.124266 1 1 1 1 1 1 1 1 1 1 1 1 1 1 1 1 1 1 1 1 1 1 1 1 1 1 1 1 1 1 0.671785 0.00801102 
0 0 0 0 0 0 0 0 0 0 0 0 0 0 0 0 0 0 0 0 0 0 0.176779 0.453225 1 1 1 1 1 1 1 1 1 1 1 1 1 1 1 1 1 1 1 1 1 1 1 1 1 1 1 1 1 1 0.724272 0 
0 0 0 0 0 0 0 0 0 0 0 0 0 0 0 0 0 0 0 0 0 0.365603 0.816519 1 1 1 1 1 1 1 1 1 1 1 1 1 1 1 1 1 1 1 1 1 1 1 1 1 1 1 1 1 0.620201 0.515272 0.245866 0 
0 0 0 0 0 0 0 0 0 0 0 0 0 0 0 0 0 0 0 0 0.145583 1 1 1 1 1 1 1 1 1 1 1 1 1 1 1 1 1 1 1 1 1 1 1 1 1 1 1 1 1 1 1 0.108294 0 0 0 
0 0 0 0 0 0 0 0 0 0 0 0 0 0 0 0 0 0 0 0 0.472585 1 1 1 1 1 1 1 1 1 1 1 1 1 1 1 1 1 1 1 1 1 1 1 1 1 1 1 1 1 1 0.394626 0.0059351 0 0 0 
0 0 0 0 0 0 0 0 0 0 0 0 0 0 0 0 0 0 0 0 0.595103 1 1 1 1 1 1 1 1 1 1 1 1 1 1 1 1 1 1 1 1 1 1 1 1 1 1 1 1 1 1 0.100024 0 0 0 0 
0 0 0 0 0 0 0 0 0 0 0 0 0 0 0 0 0 0 0 0 0.764205 1 1 1 1 1 1 1 1 1 1 1 1 1 1 1 1 1 1 1 1 1 1 1 1 1 1 1 1 1 1 0.795539 0.162616 0 0 0 
0 0.246014 0.204712 0 0.0136875 0.00177414 0 0 0 0 0 0 0 0 0 0 0 0 0 0.0835257 0.783691 1 1 1 1 1 1 1 1 1 1 1 1 1 1 1 1 1 1 1 1 1 1 1 1 1 1 1 1 1 1 1 0.648946 0.0132127 0 0 
0.0119023 0.574073 1 0.537593 0.541298 0.195598 0 0 0 0 0 0 0.325558 0.0279913 0.041867 0.135538 0.181283 0.475852 0.768419 0.809766 1 1 1 1 1 1 1 1 1 1 1 1 1 1 1 1 1 1 1 1 1 1 1 1 1 1 1 1 1 1 1 1 1 0.327596 0 0 
0.188328 1 1 1 1 0.765283 0.334349 0 0 0 0 0 0.789368 0.78364 0.816895 1 1 1 1 1 1 1 1 1 1 1 1 1 1 1 1 1 1 1 1 1 1 1 1 1 1 1 1 1 1 1 1 1 1 1 1 1 0.656147 0.0120692 0 0 
0 0.139884 0.799828 1 1 1 1 0.188985 0 0.013454 0.0514692 0.383132 1 1 1 1 1 1 1 1 1 1 1 1 1 1 1 1 1 1 1 1 1 1 1 1 1 1 1 1 1 1 1 1 1 1 1 1 1 1 1 1 0.0855271 0 0 0 
0.0786715 0.327833 0.721175 1 1 1 1 0.481282 0.369184 0.790101 0.675131 1 1 1 1 1 1 1 1 1 1 1 1 1 1 1 1 1 1 1 1 1 1 1 1 1 1 1 1 1 1 1 1 1 1 1 1 1 1 1 1 0.617448 0.00855925 0 0 0 
0.0473215 1 1 1 1 1 1 0.785848 0.747755 1 1 1 1 1 1 1 1 1 1 1 1 1 1 1 1 1 1 1 1 1 1 1 1 1 1 1 1 1 1 1 1 1 1 1 1 1 1 1 1 1 1 0.0745346 0 0 0 0 
0 0.527363 1 1 1 1 1 1 1 1 1 1 1 1 1 1 1 1 1 1 1 1 1 1 1 1 1 1 1 1 1 1 1 1 1 1 1 1 1 1 1 1 1 1 1 1 1 1 1 1 1 0.648194 0.000316923 0 0 0 
0 0.563612 1 1 1 1 1 1 1 1 1 1 1 1 1 1 1 1 1 1 1 1 1 1 1 1 1 1 1 1 1 1 1 1 1 1 1 1 1 1 1 1 1 1 1 1 1 1 1 1 1 0.777097 0 0 0 0 
0 0 0.608198 1 1 1 1 1 1 1 1 1 1 1 1 1 1 1 1 1 1 1 1 1 1 1 1 1 1 1 1 1 1 1 1 1 1 1 1 1 1 1 1 1 1 1 1 1 1 1 1 0.559502 0 0 0 0 
0 0 0.191629 1 1 1 1 0.762252 1 1 1 1 1 1 1 1 1 1 1 1 1 1 1 1 1 1 1 1 1 1 1 1 1 1 1 1 1 1 1 1 1 1 1 1 1 1 1 1 1 1 1 0.281738 0 0 0 0 
0 0 0 0.0143808 0.524127 1 0.468792 0 0.239557 1 1 1 1 1 1 1 1 1 1 1 1 1 1 1 1 1 1 1 1 1 1 1 1 1 1 1 1 1 1 1 1 1 1 1 1 1 1 1 1 0.43516 0.062502 0 0 0 0 0 
0 0 0 0.00128744 0.00595313 0.581282 0.335059 0 0 0.0151461 0.276692 0.52269 1 1 1 1 1 1 1 1 1 1 1 1 1 1 1 1 1 1 1 1 1 1 1 1 1 1 1 1 1 1 1 1 1 1 1 1 0.0739965 0 0 0 0 0 0 0 
0 0 0 0 0 0 0 0 0 0 0 0 0.0861631 1 1 1 1 1 1 1 1 1 1 1 1 1 1 1 1 1 1 1 1 1 1 1 1 1 1 1 1 1 1 1 1 1 1 0.56956 0.342133 0.476208 1 0.0593306 0 0 0 0 
0 0 0 0 0 0 0 0 0 0 0 0 0 0.262214 0.698605 1 1 1 1 1 1 1 1 1 1 1 1 1 1 1 1 1 1 1 1 1 1 1 1 1 1 1 1 1 1 1 1 1 1 0.631627 0.434555 0.0440071 0 0 0 0 
0 0 0 0 0 0 0 0 0 0 0 0 0 0 0 0.0559485 0.162747 0.0980813 0.0849604 1 1 1 1 1 0.787702 1 1 1 1 1 1 1 1 1 1 1 0.821321 0.314431 0.359615 1 1 0.626944 1 1 1 1 1 0.551812 0.0409804 0 0 0 0 0 0 0 
0 0 0 0 0 0 0 0 0 0 0 0 0 0 0 0 0 0 0 0.329574 0.3597 0.39558 0.34666 0.0109936 0 0.281147 0.309599 0.389716 1 1 1 1 1 1 1 0.658278 0.0636248 0 0.000795392 0.227611 0.192603 0.0332693 0.412414 0.331547 1 1 0.332394 0 0 0 0 0 0 0 0 0 
0 0 0 0 0 0 0 0 0 0 0 0 0 0 0 0 0 0 0 0 0 0 0 0 0 0 0 0.1155 1 1 0.808527 0.681205 0.580505 0.380187 0.488102 0.170961 0 0 0 0 0 0 0 0 0.287896 1 0.0153711 0 0 0 0 0 0 0 0 0 
0 0 0 0 0 0 0 0 0 0 0 0 0 0 0 0 0 0 0 0 0 0 0 0 0 0 0 0.0131083 0.0754943 0.067329 0 0 0 0 0 0 0 0 0 0 0 0 0 0 0.418749 0.306434 0 0 0 0 0 0 0 0 0 0 
